lqUk0B5gSO7xhrB, 0.02543901844, 0.363697791771, 0.0, 0.0616037324857, 0.0, 0.0, 0.0, 0.0, 0.103107822777, 0.0, 0.0, 0.0, 0.40982367303, 0.0, 0.0, 0.0, 0.0, 0.0, 0.0166038130113, 0.0
pfNV4m9ZJyKG, 0.0, 0.130110232704, 0.0, 0.0, 0.0, 0.0, 0.0, 0.0422537776724, 0.792144030965, 0.0, 0.0, 0.0, 0.0, 0.0, 0.0, 0.0, 0.0, 0.0, 0.0, 0.0214790152351
f2qgfAlnfxiB7qN, 0.0193886810669, 0.226385640433, 0.0, 0.0, 0.0, 0.0, 0.0, 0.0, 0.669149747745, 0.0, 0.0, 0.0, 0.0, 0.0, 0.0, 0.0, 0.0, 0.0, 0.0, 0.0516424592493
jq_clN3FEX, 0.0, 0.0, 0.0, 0.0137759963453, 0.0, 0.0, 0.0, 0.0, 0.362513109962, 0.0, 0.0, 0.117611612201, 0.0508332303118, 0.432998097908, 0.0, 0.0, 0.0, 0.0, 0.0197687882298, 0.0
fsW5dXZGGIQEs0, 0.0, 0.0, 0.0, 0.0, 0.998745556932, 0.0, 0.0, 0.0, 0.0, 0.0, 0.0, 0.0, 0.0, 0.0, 0.0, 0.0, 0.0, 0.0, 0.0, 0.0
cksHQYVrFx, 0.216109927164, 0.0286602798193, 0.0, 0.0228571182876, 0.0328831958703, 0.0, 0.0, 0.0338230848292, 0.0864096276669, 0.0, 0.0, 0.0865292607087, 0.0, 0.035673849036, 0.383625556429, 0.0, 0.0, 0.0, 0.0, 0.0527498781236
jVHKJGZ, 0.0, 0.0, 0.0, 0.0, 0.285884168547, 0.0397875891444, 0.0302462817839, 0.157602057869, 0.0, 0.205894264405, 0.0138897486128, 0.0, 0.0, 0.0, 0.15566027296, 0.0, 0.104403578091, 0.0, 0.0, 0.0
7VbnLI9dA, 0.0288571082864, 0.0, 0.550152987049, 0.0, 0.200413602024, 0.0687997445536, 0.0, 0.0, 0.0391586728894, 0.0, 0.0, 0.0, 0.0359824110911, 0.0402437170975, 0.0, 0.0, 0.0, 0.0214540885587, 0.0, 0.0
rkaQSdk_xTqaz1, 0.0, 0.0, 0.0167001772888, 0.0, 0.257875558747, 0.110406849106, 0.0902657628524, 0.0713603677075, 0.0, 0.077279134804, 0.0, 0.0, 0.0, 0.0, 0.31933981668, 0.0, 0.0521152474481, 0.0, 0.0, 0.0
g4UG1YQEnmo, 0.0, 0.0, 0.0689790233848, 0.0, 0.320012678009, 0.235866194733, 0.0, 0.0221951460722, 0.0, 0.17791526863, 0.0, 0.0, 0.0, 0.0540318260677, 0.0181997356936, 0.0, 0.082321211032, 0.0, 0.0, 0.0
xY_hl3ftgFJ6, 0.127581743155, 0.0, 0.0, 0.0, 0.0869680449362, 0.344982099391, 0.0, 0.0642232790772, 0.0, 0.0539614274018, 0.0, 0.0, 0.0112233392964, 0.219782575776, 0.0214304186679, 0.0, 0.0621933248824, 0.0, 0.0, 0.0
sq24HfcN3u, 0.20357724141, 0.499608159877, 0.0346870800734, 0.0, 0.0, 0.144737742303, 0.0167477065991, 0.0, 0.0433371053397, 0.0, 0.0, 0.0, 0.0, 0.0, 0.0366755817982, 0.0, 0.0110745816172, 0.0, 0.0, 0.0
oWgvq_17Z, 0.138661573289, 0.0803517356649, 0.0295857261521, 0.013756014991, 0.264806873293, 0.141322917921, 0.0399526738865, 0.183498837059, 0.0333125901706, 0.0, 0.0, 0.0128122450251, 0.0125497686353, 0.0135812927453, 0.0, 0.0, 0.0204311858744, 0.0, 0.0, 0.0
uVsKRmP4jDp, 0.0, 0.0, 0.0, 0.0, 0.0, 0.0, 0.0, 0.0, 0.0373870733696, 0.0, 0.0, 0.0, 0.0481596626194, 0.890354889932, 0.0, 0.0, 0.0, 0.0, 0.0211465810806, 0.0
dg39qWQ0x8bYHtr, 0.0, 0.0, 0.0330500458766, 0.0, 0.850700082261, 0.0, 0.0193990951443, 0.0927787728042, 0.0, 0.0, 0.0, 0.0, 0.0, 0.0, 0.0, 0.0, 0.0, 0.0, 0.0, 0.0
wrCJ0vrCrn5S5C, 0.0, 0.0, 0.0, 0.0, 0.145730088861, 0.0, 0.0, 0.0, 0.0, 0.0, 0.0, 0.0, 0.0326481342094, 0.0, 0.819749800905, 0.0, 0.0, 0.0, 0.0, 0.0
o96a5AxEzogl8p, 0.0, 0.0, 0.0, 0.0, 0.0, 0.0, 0.0, 0.0, 0.987050979798, 0.0, 0.0, 0.0, 0.0, 0.0, 0.0, 0.0, 0.0, 0.0, 0.0, 0.0
rJfaWxNGeU, 0.0279630313489, 0.0, 0.0, 0.0, 0.59319137895, 0.111506604328, 0.0149798503543, 0.0699187791139, 0.0, 0.0, 0.0, 0.0, 0.0, 0.0, 0.157730653234, 0.0, 0.0, 0.0, 0.0, 0.0103328266269
p4YAU5efy, 0.0, 0.0, 0.0, 0.0, 0.0, 0.0, 0.573199661297, 0.0, 0.0612208504156, 0.0, 0.0, 0.0425066178889, 0.246042062942, 0.0, 0.0, 0.0305250169385, 0.0, 0.0, 0.045899204718, 0.0
r6BNc5VJDHLco8D, 0.0, 0.0, 0.0, 0.0, 0.0, 0.0, 0.0, 0.0, 0.0, 0.0, 0.0, 0.983313081622, 0.0, 0.0, 0.0, 0.0, 0.0, 0.0, 0.0, 0.0
pU4SxhlN6, 0.564108226089, 0.0378180058023, 0.0, 0.0, 0.0, 0.0230329806214, 0.0, 0.0179982273904, 0.0, 0.0, 0.0, 0.0271646341104, 0.0, 0.308601142392, 0.0, 0.0, 0.0, 0.0, 0.0, 0.0
nxLPgTw2lg, 0.0, 0.0, 0.0, 0.0, 0.73050389187, 0.0349552432128, 0.0705424677573, 0.0, 0.0, 0.096630192893, 0.0, 0.0, 0.0, 0.0, 0.0296776908177, 0.0, 0.0, 0.0, 0.0, 0.01635436745
g336FaT2YhXw, 0.0, 0.0, 0.0465765368364, 0.0, 0.212267193907, 0.0, 0.0, 0.082175143102, 0.0, 0.468780213058, 0.0, 0.0, 0.109531281237, 0.0676176515773, 0.0, 0.0, 0.0, 0.0, 0.0, 0.0
iQAEvwou6mB, 0.10193874293, 0.0, 0.218401866357, 0.0, 0.492705932737, 0.036255555293, 0.0, 0.0219324320158, 0.0, 0.0740481761605, 0.0, 0.0, 0.0, 0.038207592653, 0.0, 0.0, 0.0, 0.0, 0.0, 0.0
k2dEdXL, 0.0, 0.0, 0.0, 0.0, 0.766602515285, 0.0, 0.0, 0.0, 0.0, 0.159607394311, 0.0, 0.0, 0.0, 0.0425860742191, 0.0, 0.0, 0.0, 0.0, 0.0, 0.0
v5Ct2qy5iTwzgeM, 0.980361194818, 0.0, 0.0, 0.0, 0.0122060950751, 0.0, 0.0, 0.0, 0.0, 0.0, 0.0, 0.0, 0.0, 0.0, 0.0, 0.0, 0.0, 0.0, 0.0, 0.0
wykBSRFBt, 0.0, 0.0, 0.0, 0.0, 0.0, 0.0, 0.0, 0.0, 0.983793034342, 0.0, 0.0, 0.0, 0.0, 0.0, 0.0, 0.0, 0.0, 0.0, 0.0, 0.0
u98bUzGHLXgXO4S, 0.0, 0.0, 0.0, 0.0, 0.13247118926, 0.678917427201, 0.0443534285726, 0.0105238700915, 0.0592481898606, 0.051261647068, 0.0, 0.0, 0.0, 0.0, 0.0, 0.0, 0.0, 0.0, 0.0, 0.0
lcbgxhwH, 0.426893657894, 0.440872830836, 0.0, 0.0, 0.0, 0.0, 0.0, 0.0, 0.0840898267984, 0.0, 0.0, 0.0, 0.0, 0.0, 0.0, 0.0, 0.0, 0.0, 0.0, 0.0289294522116
jyzUXkRYN, 0.23122678303, 0.224654870411, 0.0220452885086, 0.0195263878981, 0.0, 0.180046585943, 0.0, 0.0, 0.217072021838, 0.0151547548004, 0.0, 0.0113838285622, 0.0457560153672, 0.0, 0.010010084864, 0.0, 0.0, 0.0, 0.0, 0.0
r5KBXKHgz4A, 0.0229102679786, 0.0484920405773, 0.172081404442, 0.0, 0.394159793388, 0.0349129985066, 0.0248893605774, 0.0576110966642, 0.0, 0.0, 0.0, 0.0, 0.0, 0.0534973107529, 0.13991615868, 0.0, 0.0418344875655, 0.0, 0.0, 0.0
tXiQomcH64W3, 0.0, 0.0, 0.0, 0.0, 0.0202323086184, 0.0, 0.0, 0.0, 0.0, 0.0, 0.0, 0.0, 0.0, 0.0607515093402, 0.901484942377, 0.0, 0.0, 0.0, 0.0, 0.0
hzOAn1MqNd, 0.0790152992862, 0.0117240599654, 0.0, 0.0, 0.0, 0.0, 0.0, 0.0, 0.0, 0.0, 0.0, 0.900727682538, 0.0, 0.0, 0.0, 0.0, 0.0, 0.0, 0.0, 0.0
jNrMqx8XNTHm5K, 0.215198883099, 0.0, 0.166655770878, 0.0125080233859, 0.514997827525, 0.0, 0.0, 0.0, 0.0, 0.054996802301, 0.0, 0.0260137394265, 0.0, 0.0, 0.0, 0.0, 0.0, 0.0, 0.0, 0.0
bLGuM9uvR3Ogqo4, 0.137477915795, 0.40889486317, 0.0147604694717, 0.0, 0.0, 0.270711637737, 0.0, 0.0348856397193, 0.0375980048024, 0.0, 0.0, 0.0, 0.0, 0.0115343543558, 0.0, 0.0, 0.0488077141139, 0.0, 0.0, 0.0
k0eeWvWBD, 0.0, 0.0, 0.0, 0.0, 0.783331838815, 0.0279010538454, 0.0, 0.0, 0.0, 0.127384004025, 0.0, 0.014732810732, 0.0, 0.0177710415989, 0.0, 0.0, 0.0, 0.0, 0.0, 0.0274412409981
vuXgijpIg, 0.796349461115, 0.0237285230408, 0.0, 0.0, 0.0, 0.0785886795182, 0.0, 0.0, 0.0343823499116, 0.0, 0.0, 0.0, 0.0119297726876, 0.0, 0.0, 0.0, 0.0188267590491, 0.0, 0.0, 0.0
rQInjjREosu, 0.0, 0.0, 0.0, 0.0, 0.0, 0.0, 0.0, 0.0, 0.0, 0.0, 0.0, 0.0, 0.999846749474, 0.0, 0.0, 0.0, 0.0, 0.0, 0.0, 0.0
iLzKpKGGrSvlh, 0.0, 0.0, 0.0, 0.0, 0.0285223700514, 0.0, 0.0, 0.0, 0.0, 0.849933585221, 0.0, 0.0, 0.11012398061, 0.0, 0.0, 0.0, 0.0, 0.0113563698488, 0.0, 0.0
wizae58MiTmGe, 0.0, 0.0, 0.0, 0.0, 0.0, 0.0, 0.0, 0.0, 0.0933017034536, 0.0, 0.0, 0.0, 0.0, 0.0, 0.0, 0.0, 0.0, 0.0, 0.0, 0.903111719439
lYUYC0uJF19Ka, 0.0, 0.0, 0.0, 0.0, 0.0, 0.0173021530088, 0.0, 0.0, 0.0, 0.0, 0.0, 0.0, 0.0113438541807, 0.0, 0.0676074091075, 0.0, 0.0, 0.0, 0.900479005855, 0.0
qhV6DmemqXKprwU, 0.0, 0.0, 0.0, 0.0, 0.436199798065, 0.0, 0.0, 0.0, 0.0, 0.561539397043, 0.0, 0.0, 0.0, 0.0, 0.0, 0.0, 0.0, 0.0, 0.0, 0.0
tNkY83vbE, 0.0562561694379, 0.0, 0.0167154987821, 0.0, 0.68605473825, 0.130932502425, 0.0, 0.0, 0.0266632468155, 0.0, 0.0, 0.0, 0.0, 0.0, 0.0546803116485, 0.0, 0.0, 0.0, 0.0, 0.0
meYmBMa, 0.0401629121008, 0.0328136015376, 0.0, 0.0, 0.0, 0.547990741989, 0.0, 0.0, 0.258974536433, 0.0, 0.0, 0.0, 0.0120120308439, 0.0, 0.046488141468, 0.0, 0.0, 0.0, 0.0, 0.0
bwYxTvd6pj, 0.0, 0.0, 0.0, 0.118862182629, 0.0, 0.324629806333, 0.22829122321, 0.0, 0.223968457503, 0.0, 0.0, 0.0839666715412, 0.0, 0.0, 0.0, 0.0, 0.0, 0.0, 0.0128800104146, 0.0
eHGzDKHpMI, 0.0, 0.0, 0.0, 0.0, 0.0648861345881, 0.528076343785, 0.0, 0.0, 0.0, 0.0, 0.0, 0.0115944962986, 0.0135451746017, 0.075053937558, 0.152738700185, 0.0, 0.0, 0.0, 0.0, 0.153911183129
o4d_ZMCaPR669, 0.0, 0.0, 0.0, 0.0, 0.0242569374524, 0.0, 0.0, 0.133893306388, 0.0, 0.0, 0.0, 0.0, 0.0, 0.715342888752, 0.0703670920515, 0.0403964148387, 0.0, 0.0, 0.0, 0.0
dfHWc2_qwC3NDCK, 0.0, 0.0, 0.0, 0.0, 0.0, 0.0, 0.0, 0.0, 0.0, 0.0, 0.0, 0.0, 0.0157356623153, 0.0, 0.984197532458, 0.0, 0.0, 0.0, 0.0, 0.0
ddpLPfmBUhE8, 0.0, 0.0, 0.0, 0.0, 0.0, 0.794685475519, 0.0, 0.0, 0.0, 0.0, 0.0, 0.0455911145365, 0.115573247918, 0.0, 0.0379486114893, 0.0, 0.0, 0.0, 0.0, 0.0
fvSIo2aurRj, 0.540679200567, 0.0, 0.086147696074, 0.0, 0.167580748908, 0.0, 0.0, 0.0, 0.0, 0.149201649876, 0.0, 0.0, 0.0268238986809, 0.0152777714869, 0.0, 0.0, 0.0, 0.0, 0.0, 0.0
dQVB6A9h0_KryR, 0.0, 0.0, 0.107951154225, 0.0, 0.147153904357, 0.0554401081606, 0.0, 0.0161679458277, 0.0, 0.0, 0.0, 0.0, 0.0, 0.550531292785, 0.107853331681, 0.0, 0.0, 0.0, 0.0, 0.0
g9_OxarnRqOAUn, 0.0, 0.0, 0.0217943598188, 0.0169869539738, 0.58579266192, 0.204078163318, 0.0, 0.0822584975502, 0.0, 0.0, 0.0, 0.0, 0.0, 0.0, 0.0556157750144, 0.0, 0.0245198129579, 0.0, 0.0, 0.0
vl0z1u62IL7Ncl, 0.0, 0.0, 0.0, 0.0, 0.0, 0.0, 0.0, 0.0, 0.0, 0.0, 0.0, 0.0, 0.0, 0.0, 0.955348797764, 0.0, 0.0, 0.0120241106384, 0.0, 0.0
cVMSpkU44YuFaiO, 0.069056748695, 0.0, 0.0, 0.0123692238587, 0.843315069467, 0.0, 0.0, 0.0, 0.0, 0.0, 0.0, 0.0263508905881, 0.0, 0.0234676209581, 0.0, 0.0, 0.0, 0.0153244076376, 0.0, 0.0
fK2wqVJGT54gvuS, 0.0, 0.311370707665, 0.0466086446054, 0.0, 0.141531364443, 0.295096056458, 0.0, 0.0, 0.0121182137072, 0.0236565305907, 0.0, 0.0462367075811, 0.0, 0.0419899952345, 0.0121310928959, 0.014862807014, 0.0156364580158, 0.0, 0.0, 0.0
ijar9VeLK4, 0.0, 0.0193682142607, 0.0955204320431, 0.0, 0.576299996644, 0.0157406450726, 0.055767760375, 0.0498366167559, 0.0, 0.0781482063709, 0.0, 0.0, 0.0, 0.0, 0.0218872048988, 0.0, 0.0733731245503, 0.0, 0.0, 0.0
cD1ky1p0WKII, 0.0, 0.0, 0.0, 0.0, 0.0, 0.993407847554, 0.0, 0.0, 0.0, 0.0, 0.0, 0.0, 0.0, 0.0, 0.0, 0.0, 0.0, 0.0, 0.0, 0.0
hZJVerES, 0.520844753924, 0.0, 0.148402354735, 0.0, 0.194270893287, 0.0396666394455, 0.0160564011873, 0.0, 0.0, 0.0134870756594, 0.0, 0.0, 0.0, 0.0198106614097, 0.0, 0.0, 0.0105060207837, 0.0, 0.0, 0.0
brLupKkBSjAvYfj, 0.0, 0.0101639069604, 0.0181533091628, 0.0, 0.0171617022886, 0.173766379479, 0.0, 0.0844185217775, 0.0, 0.102233631163, 0.0, 0.0, 0.0, 0.437924191353, 0.0, 0.0, 0.129104367918, 0.0, 0.0, 0.0
hfchSKPX25emwy, 0.0, 0.155778615643, 0.203152051581, 0.0, 0.359015732177, 0.163150265661, 0.0, 0.0, 0.0928968926823, 0.0, 0.0, 0.0, 0.0, 0.0, 0.0, 0.0, 0.0, 0.0, 0.0, 0.0
hAYtV3a, 0.214974602242, 0.437968172886, 0.0, 0.0, 0.0, 0.0, 0.0, 0.0134152219183, 0.0451289274525, 0.0, 0.0, 0.0, 0.0, 0.247043848316, 0.0, 0.0173152934675, 0.0, 0.0, 0.0, 0.0
h6uymsrX6mbFlh, 0.0173356415038, 0.0, 0.0, 0.0, 0.344409433732, 0.117973813076, 0.0, 0.128424947112, 0.0, 0.0574374101647, 0.0, 0.0, 0.0, 0.285105430154, 0.0, 0.0252826875186, 0.0, 0.0, 0.0, 0.0
gs0oICfYwquGoVz, 0.0, 0.0, 0.0360998703613, 0.0, 0.754645817647, 0.0131440545965, 0.0, 0.0, 0.0, 0.110361503693, 0.0, 0.0100723979853, 0.0, 0.0, 0.0508066559182, 0.0, 0.0, 0.0, 0.0, 0.0
f5ndxWrZKIE, 0.178822909112, 0.494256075248, 0.0135486091341, 0.0, 0.0129745633021, 0.0385236420752, 0.0593006681583, 0.040091243609, 0.111160794001, 0.0, 0.0, 0.0, 0.0, 0.0, 0.0153889156467, 0.0, 0.0147018631381, 0.0, 0.0, 0.0
wVyVdyXBJi1s, 0.0, 0.0, 0.0157414625338, 0.0, 0.445125102642, 0.0901727021115, 0.0808813935146, 0.01853460052, 0.0, 0.233806437434, 0.0, 0.0, 0.0, 0.0754147540985, 0.0, 0.0, 0.0259606657131, 0.0, 0.0, 0.0
rqH6uvD9RGX, 0.0, 0.0, 0.0714930053421, 0.0, 0.706160863735, 0.0, 0.0, 0.0, 0.0, 0.111182774862, 0.0, 0.0, 0.0, 0.0, 0.0791279652994, 0.0, 0.0, 0.0, 0.0, 0.0
szH3rmr6ysC, 0.0508794463593, 0.0, 0.0, 0.0, 0.0, 0.804153236564, 0.0, 0.0, 0.0602241915261, 0.0, 0.0, 0.0, 0.0211722818232, 0.0, 0.0193847898974, 0.0, 0.0119376566006, 0.0, 0.0, 0.0
dMRTIPTVKC0FRR, 0.0, 0.0, 0.0, 0.0, 0.0471320431683, 0.0208693053176, 0.0, 0.0, 0.0, 0.0, 0.0, 0.0, 0.0425849227184, 0.111971926715, 0.748284851931, 0.0228902244479, 0.0, 0.0, 0.0, 0.0
fFRVeo1I, 0.362028835085, 0.156348497909, 0.0, 0.0, 0.0, 0.096968123783, 0.0, 0.0, 0.0910323213456, 0.0728568699993, 0.0, 0.0, 0.0551461258575, 0.0781946547953, 0.0415351673112, 0.0197504320739, 0.0, 0.0, 0.0, 0.0132429634694
oHuBNnwz, 0.168884176227, 0.103752793734, 0.0, 0.0, 0.0, 0.0494571314832, 0.0, 0.0, 0.0533940921478, 0.0, 0.0, 0.0, 0.0, 0.561984385951, 0.0, 0.0, 0.0186936744163, 0.0, 0.0, 0.0103556454848
jpA80RCT8ljL9e, 0.181815951128, 0.0, 0.0114673105176, 0.0, 0.340488913763, 0.123908275922, 0.0, 0.0137037219708, 0.0, 0.0293036472123, 0.0, 0.0416113529088, 0.0, 0.190129888736, 0.0, 0.0, 0.0347270156727, 0.0, 0.0, 0.0
gdcPCRZS1KRaNEl, 0.0160118447052, 0.0, 0.0466715337091, 0.0, 0.344788747192, 0.287229070865, 0.0, 0.075565261889, 0.0, 0.0756181992031, 0.0, 0.0, 0.0, 0.109267904763, 0.0, 0.0, 0.0393231532456, 0.0, 0.0, 0.0
dybfWfXJkjMWp6m, 0.0, 0.0, 0.0459976022109, 0.0, 0.57967280703, 0.0, 0.0, 0.0415094271385, 0.0, 0.180870008942, 0.0, 0.0, 0.043773083923, 0.0, 0.0932013684531, 0.0, 0.0, 0.0, 0.0, 0.0
cHVnuIJXPd3, 0.0, 0.0, 0.0, 0.0, 0.0, 0.0, 0.0, 0.0, 0.0, 0.0, 0.0, 0.0, 0.0, 0.0, 0.0, 0.0, 0.0, 0.0, 0.999967105262, 0.0
x5SMTJGkkeDi, 0.0, 0.0, 0.0164554420112, 0.0, 0.369612831997, 0.12279778533, 0.0281131662823, 0.0778372483954, 0.0, 0.229369424162, 0.0, 0.0, 0.0, 0.0160834295695, 0.109323064392, 0.0, 0.0286010874173, 0.0, 0.0, 0.0
xyYqXBEp0k, 0.0, 0.0, 0.0, 0.0, 0.0, 0.0, 0.0, 0.0, 0.0, 0.0, 0.0, 0.0, 0.0, 0.0, 0.0, 0.0, 0.0, 0.999933913043, 0.0, 0.0
cAX9NIcworqhMwk, 0.0, 0.0, 0.0337731508628, 0.0, 0.118120212391, 0.283580621127, 0.0, 0.0186267394726, 0.0, 0.0381291870672, 0.0, 0.0, 0.0, 0.461602005502, 0.0, 0.0, 0.0207728975838, 0.0, 0.0, 0.0
l4LbQ_rAPqo2wp, 0.0, 0.0, 0.0, 0.0, 0.0283823914029, 0.187103048729, 0.0, 0.0, 0.0, 0.0, 0.0, 0.0, 0.171116406498, 0.171432699072, 0.436165562053, 0.0, 0.0, 0.0, 0.0, 0.0
lkVUsvC, 0.0, 0.291036553803, 0.0, 0.0, 0.0, 0.0, 0.0447564217609, 0.0, 0.522524404566, 0.0, 0.0, 0.0153388734815, 0.0, 0.0, 0.0, 0.043237612189, 0.0, 0.0, 0.0, 0.0612272231666
pFa_fJWIYmn26, 0.0, 0.107105895298, 0.0468534177215, 0.0, 0.0, 0.138165599212, 0.0, 0.156880942294, 0.0, 0.237676268102, 0.0, 0.0, 0.0194119483752, 0.0319964773588, 0.0481148014835, 0.0, 0.0, 0.100730425541, 0.0, 0.0755412722201
qhFO5DM8, 0.654198649804, 0.0, 0.0, 0.0, 0.0302257247074, 0.0, 0.0515687942634, 0.20555717749, 0.0, 0.0, 0.0, 0.0, 0.0, 0.0390955337594, 0.0, 0.0, 0.0, 0.0, 0.0, 0.0
lStXf77DFFOqMd3, 0.0703583650925, 0.0, 0.0895939389806, 0.0, 0.654247086131, 0.0, 0.0, 0.0, 0.0314133350304, 0.049097701503, 0.0, 0.0193065663987, 0.0670159738684, 0.0, 0.0, 0.0, 0.0, 0.0, 0.0, 0.0
rrHJMC, 0.0261516128647, 0.0, 0.0452195501812, 0.0, 0.662449491636, 0.0, 0.0, 0.0, 0.0, 0.193196607573, 0.0, 0.0248715060652, 0.0, 0.0151192680818, 0.0216781143136, 0.0, 0.0, 0.0, 0.0, 0.0
SZVNvirefQ, 0.0368032518738, 0.0311572326714, 0.0166238038254, 0.0421146771604, 0.0184663307439, 0.70562921979, 0.0, 0.0, 0.0369838461525, 0.0, 0.0, 0.0224463380393, 0.0, 0.0196632206609, 0.0, 0.0, 0.0141474692646, 0.0, 0.0, 0.0407021832462
f5Q6F6wbjkS7eB, 0.0, 0.0, 0.0, 0.0, 0.499973491938, 0.0, 0.0226649013514, 0.0296679771933, 0.0, 0.312442036975, 0.0, 0.0, 0.0, 0.0352115661209, 0.0101767917189, 0.0, 0.0157507532258, 0.0, 0.0, 0.0425292089562
wvYJS, 0.291080522384, 0.162164763156, 0.0, 0.0, 0.0, 0.13863947258, 0.022276561066, 0.0, 0.115657181976, 0.0, 0.0, 0.0, 0.0, 0.0, 0.0191590040781, 0.0, 0.0, 0.0, 0.0, 0.228439414269
rm8V3WUBLNPcNd, 0.226318131023, 0.0, 0.0, 0.0, 0.243484792737, 0.191727503251, 0.0, 0.0, 0.0, 0.0414263226272, 0.0, 0.0285364836119, 0.0, 0.147022402703, 0.106222222317, 0.0, 0.0, 0.0, 0.0, 0.0
ldLp3tX6WwVoYA, 0.0, 0.0, 0.0, 0.0, 0.469274961367, 0.162919079583, 0.0, 0.0, 0.0, 0.0, 0.0, 0.0300862257944, 0.0, 0.314483525123, 0.0157888540226, 0.0, 0.0, 0.0, 0.0, 0.0
bRahtGwx06RIgV, 0.0148826695633, 0.0563598015541, 0.0639190364377, 0.0, 0.566254460456, 0.0327716994066, 0.0297171928643, 0.152008575156, 0.0, 0.0, 0.0134394398768, 0.0, 0.0, 0.0, 0.0330570249143, 0.0, 0.0248688760765, 0.0, 0.0, 0.0
sDsjR2Vs, 0.0386640177066, 0.723736772397, 0.0, 0.0, 0.0, 0.0, 0.0, 0.0, 0.208982394891, 0.0, 0.0, 0.0, 0.0, 0.0, 0.0, 0.0, 0.0, 0.0, 0.0, 0.0181773953448
duTyIJwiyzO, 0.406479307223, 0.0, 0.0, 0.0, 0.232349270539, 0.096919785826, 0.0, 0.0475338037041, 0.0, 0.0, 0.0, 0.0262004408906, 0.0, 0.104637844524, 0.0702030775584, 0.0, 0.0, 0.0, 0.0, 0.0
gEnjmX, 0.089958247056, 0.0171258115158, 0.0, 0.0, 0.0640658808157, 0.553962611241, 0.0847059116157, 0.0511672587056, 0.0116590961831, 0.0144344628476, 0.0, 0.0, 0.0321674865488, 0.0160649524706, 0.0, 0.0, 0.0464877032847, 0.0, 0.0, 0.0
kOLV4M, 0.0, 0.0194979004135, 0.0, 0.0, 0.0, 0.111101295998, 0.0, 0.0, 0.652536242391, 0.0, 0.0, 0.0, 0.114616139242, 0.0, 0.0, 0.0, 0.0, 0.0, 0.0214086721301, 0.0666235845359
xw557gPj, 0.0, 0.0, 0.0, 0.0, 0.0193442060307, 0.0, 0.0, 0.0, 0.0, 0.0314055015033, 0.0, 0.0, 0.0, 0.787507897898, 0.146116164628, 0.0, 0.0, 0.0, 0.0, 0.0
qlKI02RO5, 0.0, 0.0, 0.0, 0.0, 0.0, 0.0682616805968, 0.0, 0.0, 0.0, 0.0, 0.0, 0.0, 0.0286028300077, 0.0, 0.0, 0.874226763151, 0.0, 0.0, 0.0213095377252, 0.0
o_2CP5H6tSIq, 0.0323001569104, 0.0, 0.0, 0.0, 0.339060455031, 0.0937296519319, 0.0, 0.0, 0.0, 0.0, 0.0, 0.0551469466512, 0.0, 0.344592647216, 0.0737562085855, 0.0, 0.0463111729888, 0.0, 0.0, 0.0
iwmsilgt0, 0.0588061847792, 0.0265976838108, 0.0525065902016, 0.0551334330603, 0.0728525110404, 0.415029802185, 0.0502310959502, 0.0, 0.0, 0.02046781109, 0.0, 0.0, 0.0201627378549, 0.161869097858, 0.0, 0.0, 0.0338391347004, 0.0, 0.0, 0.0
fAa1yL, 0.0, 0.117385223767, 0.408814745066, 0.0, 0.0, 0.0, 0.0, 0.0, 0.0, 0.0, 0.0, 0.0, 0.0631351225642, 0.0, 0.0, 0.0, 0.0, 0.0, 0.050369327505, 0.35696224768
r9cvqC_bCK, 0.0, 0.0, 0.0, 0.0, 0.0, 0.79147902358, 0.0, 0.0, 0.0360719528113, 0.0, 0.0, 0.0, 0.0323977897387, 0.0, 0.0483614486863, 0.0, 0.0, 0.0, 0.0, 0.0800018290741
koANc79xbaU, 0.28703318536, 0.0, 0.0, 0.0, 0.300042483877, 0.0595872318263, 0.0, 0.0, 0.0, 0.0, 0.0, 0.0126831906152, 0.0, 0.238043932886, 0.0946621980275, 0.0, 0.0, 0.0, 0.0, 0.0
dSbrVC1yK1, 0.0, 0.0, 0.0, 0.0, 0.0, 0.0, 0.0, 0.0, 0.0, 0.0, 0.0, 0.0, 0.998632948777, 0.0, 0.0, 0.0, 0.0, 0.0, 0.0, 0.0
scEm_uvwbKCo8b, 0.0, 0.0, 0.0737657407791, 0.0, 0.382198953236, 0.267565863282, 0.0401068728848, 0.0, 0.0, 0.0122401852099, 0.0, 0.0, 0.0, 0.121268962409, 0.0136584512554, 0.0, 0.057523330541, 0.0, 0.0, 0.0
ibTZjZXzX, 0.400210278164, 0.0, 0.0378868792338, 0.0, 0.0129952001635, 0.190693588751, 0.0, 0.0, 0.0101561347454, 0.240372356067, 0.0, 0.04241889503, 0.0, 0.0472437709697, 0.0, 0.0, 0.0, 0.0, 0.0, 0.0
qr7E3hhIRDA, 0.0727039158236, 0.282195609227, 0.0901747821328, 0.0, 0.0, 0.194078827027, 0.0320512530922, 0.0, 0.0, 0.188368648562, 0.0, 0.0, 0.0, 0.0129629906354, 0.0685916340001, 0.0, 0.0323254059196, 0.0, 0.0, 0.0
xiVQl71NdsN, 0.344567308581, 0.0167546117399, 0.0895877076336, 0.0, 0.0, 0.145538945698, 0.0, 0.0, 0.0522525718384, 0.0, 0.0, 0.0, 0.0, 0.0563342577407, 0.282701320456, 0.0, 0.0, 0.0, 0.0, 0.0
q6BmRqY8, 0.729256171863, 0.157673749114, 0.0296929192038, 0.0, 0.0285828048968, 0.0, 0.0, 0.0254112574781, 0.0, 0.0, 0.0, 0.0, 0.0, 0.0, 0.0, 0.0127338816968, 0.0, 0.0, 0.0, 0.0
oKnBkyygjJeT4OZ, 0.217722841026, 0.0, 0.0, 0.0, 0.195060103555, 0.0171092701499, 0.0, 0.0385971752821, 0.010696785111, 0.0, 0.0, 0.0182120040263, 0.0, 0.320533253606, 0.0, 0.0279988179583, 0.145228024934, 0.0, 0.0, 0.0
iM_uxYt, 0.0, 0.0, 0.0, 0.0, 0.0, 0.0, 0.0, 0.0, 0.0, 0.0381364688104, 0.0, 0.0, 0.0204174335567, 0.839765864979, 0.0271836783816, 0.0, 0.0, 0.0562812445411, 0.0, 0.0
uclv3vj26Htvx, 0.0, 0.0, 0.035053253755, 0.0, 0.324470684763, 0.0, 0.0, 0.0, 0.0, 0.627675110786, 0.0, 0.0, 0.0, 0.0, 0.0, 0.0, 0.0, 0.0, 0.0, 0.0
tEiy9TJHjW3, 0.0121744869481, 0.0, 0.0209396742489, 0.0, 0.683601952824, 0.0353563950835, 0.0337807405864, 0.0171702650508, 0.0, 0.101886532826, 0.0, 0.0, 0.0, 0.0380787430082, 0.0346893587286, 0.0, 0.0, 0.0, 0.0, 0.0101102951804
v_CYAAKqoA, 0.0244220906767, 0.0, 0.170472539804, 0.0, 0.677991567374, 0.0663591161588, 0.023454667564, 0.0148422668702, 0.0, 0.0, 0.0, 0.0, 0.0, 0.0, 0.0, 0.0, 0.0, 0.0, 0.0, 0.0
kJOrxGDpuWsjI, 0.184425063731, 0.133073709396, 0.0, 0.0, 0.0174963341884, 0.153025033566, 0.0110460866529, 0.0853878323395, 0.0983624928356, 0.195878880586, 0.0, 0.0, 0.0288076426043, 0.0508914517098, 0.0, 0.0243174221566, 0.0, 0.0, 0.0, 0.0
jtTIHLIvgGACAOL, 0.157973427042, 0.0, 0.0, 0.0, 0.42505297129, 0.0, 0.0, 0.0553956047007, 0.0, 0.195329191879, 0.0, 0.0409792894543, 0.0, 0.123005643996, 0.0, 0.0, 0.0, 0.0, 0.0, 0.0
veWx, 0.224754847901, 0.511329215435, 0.0159982881323, 0.0213274122225, 0.0, 0.0741662319147, 0.0143664082098, 0.0, 0.0618832624893, 0.0, 0.0, 0.0, 0.0224668571964, 0.0, 0.0, 0.0, 0.0, 0.0, 0.0225931772915, 0.0211486729929
rTAtdSKpn0ibs, 0.0, 0.0, 0.0, 0.188681832203, 0.200926114468, 0.463750510823, 0.0337162347448, 0.0, 0.0, 0.0, 0.0, 0.0, 0.0, 0.0, 0.0964491955349, 0.0, 0.0121120863653, 0.0, 0.0, 0.0
qq17HLnA, 0.0644958994661, 0.0132368582864, 0.316201606182, 0.0, 0.274371061153, 0.223348005742, 0.0510541296973, 0.0, 0.0, 0.0, 0.0, 0.0, 0.0, 0.0, 0.0, 0.0, 0.0248788956189, 0.0, 0.0, 0.0
oFzVcyImHcHmCci, 0.0, 0.0776947635561, 0.119922140864, 0.0, 0.0804990548728, 0.407271215215, 0.0301424783811, 0.0131216519976, 0.0, 0.0, 0.0, 0.0, 0.0, 0.0, 0.0721625328413, 0.0, 0.0169538453774, 0.0, 0.0, 0.173359306021
xXLQ_F27UU8XEM, 0.0, 0.0, 0.0, 0.0, 0.0, 0.0, 0.0, 0.0, 0.997205137385, 0.0, 0.0, 0.0, 0.0, 0.0, 0.0, 0.0, 0.0, 0.0, 0.0, 0.0
RtswG0wspvBoC, 0.0, 0.0, 0.0, 0.139321075719, 0.0, 0.0, 0.0, 0.0, 0.576500728163, 0.0, 0.0, 0.195119212518, 0.0186723312331, 0.0, 0.0, 0.0, 0.0, 0.0146239557513, 0.0, 0.0555295963776
eEfme1LGf2z, 0.0, 0.0, 0.0, 0.0, 0.0668442499966, 0.0, 0.0, 0.0, 0.0, 0.194436999613, 0.0, 0.0, 0.351351831016, 0.0, 0.363158333485, 0.0, 0.0, 0.0184459987036, 0.0, 0.0
q659DpeVQKNpP, 0.206454397562, 0.0323675564107, 0.0, 0.0, 0.0, 0.396553223065, 0.0656010192024, 0.0199807963211, 0.0762930461021, 0.0, 0.0, 0.0, 0.06549161715, 0.0927875823519, 0.0, 0.0, 0.0, 0.0, 0.0158197995275, 0.0
wf8lU7nil9B_, 0.087148231915, 0.450935211457, 0.0, 0.0, 0.0, 0.131878708547, 0.0, 0.0, 0.0, 0.0, 0.0, 0.0160438890702, 0.0332560757903, 0.0810827787926, 0.152811759261, 0.0129769369611, 0.0, 0.0, 0.0209339487236, 0.0
dRKq_MPXqfR3u0, 0.0, 0.0, 0.0166241435047, 0.0, 0.97068505976, 0.0, 0.0, 0.0, 0.0, 0.0, 0.0, 0.0, 0.0, 0.0, 0.0, 0.0, 0.0, 0.0, 0.0, 0.0
uYicBamGKrn, 0.292493198089, 0.0, 0.0, 0.0, 0.0, 0.0, 0.0, 0.0, 0.0, 0.0156901234904, 0.0, 0.0127118374545, 0.0, 0.664091868025, 0.0, 0.0, 0.0, 0.0, 0.0, 0.0
I4iWXQ_UD, 0.55363624239, 0.0, 0.0, 0.0404600949022, 0.129462681682, 0.0392604594059, 0.0, 0.0, 0.0570875840493, 0.0, 0.0, 0.127605356637, 0.0, 0.0514927579039, 0.0, 0.0, 0.0, 0.0, 0.0, 0.0
t_Q4earc4mshOH, 0.0, 0.0, 0.0, 0.0, 0.0491156247757, 0.281207011241, 0.0, 0.0, 0.091529111855, 0.0, 0.0, 0.0, 0.454649209194, 0.0, 0.107215364457, 0.0, 0.0, 0.0, 0.0, 0.0
bebChK7PskxB, 0.0, 0.0, 0.0, 0.0, 0.0466826210382, 0.0, 0.0, 0.0, 0.0, 0.0, 0.0, 0.0, 0.570190083058, 0.0, 0.376112873117, 0.0, 0.0, 0.0, 0.0, 0.0
tFtBExRJBk, 0.0321880238789, 0.0121828643976, 0.0972173068194, 0.0, 0.268218690084, 0.154435549103, 0.0745708692867, 0.0458754055433, 0.0, 0.180937408284, 0.0, 0.0, 0.0, 0.0898356689981, 0.0201050934541, 0.0, 0.0, 0.0, 0.0, 0.0
fGlr0YAbXbu7, 0.0, 0.0, 0.0, 0.0, 0.0, 0.0, 0.0, 0.0, 0.0160525975124, 0.0, 0.0, 0.974417836122, 0.0, 0.0, 0.0, 0.0, 0.0, 0.0, 0.0, 0.0
mOELHlQ4gFwNOEt, 0.0, 0.0, 0.0, 0.050533757755, 0.0, 0.320329837251, 0.0, 0.0, 0.0, 0.0, 0.0, 0.0215064039998, 0.0, 0.150780470244, 0.26817150598, 0.0, 0.0, 0.0, 0.0, 0.186660733663
m4BlcVeCGQo, 0.0853595063927, 0.0988431517077, 0.150564591974, 0.0, 0.0, 0.25920813521, 0.0638129959411, 0.0, 0.0, 0.228053197979, 0.0, 0.0, 0.0, 0.0242474633663, 0.0100803419912, 0.0, 0.0522666281939, 0.0, 0.0, 0.0
ge9ua7b, 0.249253538093, 0.501209915547, 0.0142622063049, 0.0398112185851, 0.0, 0.013203021434, 0.0118863255275, 0.0741078053341, 0.0638520959432, 0.0178112495615, 0.0, 0.0, 0.0, 0.0, 0.0, 0.0, 0.0, 0.0, 0.0, 0.0
oiUjFDYis, 0.0281613267804, 0.0, 0.0673248764215, 0.0156220078971, 0.439485390846, 0.0, 0.0, 0.0, 0.0, 0.381706283445, 0.0, 0.0127080990463, 0.0, 0.0, 0.0477712871773, 0.0, 0.0, 0.0, 0.0, 0.0
bgfywlOA6, 0.0657078850007, 0.773020754191, 0.0, 0.0, 0.0, 0.0, 0.0, 0.0, 0.132900718305, 0.0, 0.0, 0.0, 0.0, 0.0, 0.0, 0.0, 0.0, 0.0, 0.0, 0.0265061090516
jfiiez8DlFjqifd, 0.0262225570301, 0.0120418188508, 0.0, 0.0, 0.0, 0.0, 0.0, 0.0, 0.120270219534, 0.0, 0.0, 0.0, 0.817610560009, 0.0, 0.0, 0.0, 0.0, 0.0, 0.0127584096373, 0.0
xlqXUr9VIFwMh, 0.121978960883, 0.0, 0.0, 0.0, 0.0402744887464, 0.0502368399485, 0.0, 0.0, 0.0, 0.0800311897391, 0.296018923287, 0.0737976489155, 0.0452471366962, 0.141903391352, 0.0573853522488, 0.0404152391927, 0.0, 0.0, 0.0, 0.0377160891214
d2PJ4eiYZ, 0.492397471021, 0.0, 0.0, 0.0, 0.134876484534, 0.345698494636, 0.0, 0.0, 0.0, 0.0, 0.0, 0.0, 0.0, 0.0, 0.018550319, 0.0, 0.0, 0.0, 0.0, 0.0
qx4t_VX, 0.426158623591, 0.135368024317, 0.0, 0.0, 0.0, 0.0, 0.0, 0.0, 0.0207090395293, 0.0, 0.0152753272136, 0.0327835498763, 0.0, 0.330626428816, 0.0209668088397, 0.0, 0.0, 0.0, 0.0, 0.0
k1SRruhluiyxrCz, 0.0305579875298, 0.409696533068, 0.0, 0.0, 0.169014998589, 0.0, 0.0, 0.0, 0.192925308613, 0.0, 0.13057980635, 0.0, 0.0, 0.0, 0.0, 0.0, 0.0538934092805, 0.0, 0.0, 0.0
cF6s51G2P47S, 0.0229866285805, 0.710105235823, 0.0642517826137, 0.0, 0.0, 0.0109249022246, 0.0, 0.0, 0.101164642951, 0.0, 0.0, 0.0, 0.0, 0.0, 0.0662322900779, 0.0, 0.0, 0.0, 0.0, 0.0235950410341
jqU4TUUPEu, 0.728823450845, 0.0162044396266, 0.0298067926825, 0.0, 0.0, 0.0198248758639, 0.0, 0.0, 0.101154777551, 0.0, 0.0, 0.0269561855798, 0.010194818038, 0.0301478112454, 0.0, 0.0, 0.0, 0.0, 0.0, 0.0295268607554
mZtJDzlu_cOra2, 0.0, 0.127665864212, 0.254628254636, 0.0, 0.0, 0.0146553673599, 0.0167963803226, 0.12603295348, 0.0, 0.191436833525, 0.0, 0.0, 0.0, 0.0, 0.154012109501, 0.0, 0.0794914185564, 0.0, 0.0, 0.0216757029145
l1EluZVQ5W74Rtk, 0.0, 0.141081825163, 0.0, 0.0, 0.0, 0.300990472952, 0.0, 0.0594599792975, 0.0, 0.0179609382346, 0.0, 0.0, 0.0, 0.0, 0.462735197828, 0.0, 0.0, 0.0, 0.0123942724711, 0.0
caLFQL2FEUZ, 0.0, 0.0, 0.0926118849228, 0.0248882416425, 0.0, 0.136866396245, 0.06085407139, 0.128340379752, 0.0, 0.220202097839, 0.0, 0.0, 0.0118762459554, 0.0240999071275, 0.176227114435, 0.0, 0.094326527499, 0.0, 0.0, 0.0
xyUJSebBNSu, 0.0, 0.0, 0.0, 0.0, 0.0, 0.0, 0.0, 0.0, 0.0, 0.0, 0.0, 0.0, 0.0, 0.0, 0.0, 0.0, 0.0, 0.0, 0.0, 0.999777577113
kseppzcENc8pfy, 0.0, 0.0, 0.0107366722939, 0.0, 0.025084681288, 0.0490956589454, 0.0, 0.305608297635, 0.0, 0.322433036731, 0.0, 0.0, 0.0, 0.0291938626904, 0.124741200336, 0.0, 0.102071426125, 0.0, 0.0, 0.0126831200442
nj4TXaS6Zkcl7X, 0.0, 0.372812279919, 0.0278672027664, 0.0, 0.0, 0.0916479116172, 0.01730501166, 0.0100784467271, 0.0, 0.0, 0.0, 0.0, 0.0, 0.0, 0.0190712323749, 0.0, 0.42972171113, 0.0, 0.0, 0.0
FFGCSVhmpAbS1JS, 0.103121543325, 0.0307914725602, 0.0357414883835, 0.0, 0.0, 0.0295999103846, 0.0, 0.0, 0.0, 0.0577079496714, 0.0, 0.0, 0.0, 0.0, 0.0560138265506, 0.0, 0.62505115948, 0.0, 0.0, 0.0466787118228
n0Wd1LVPb, 0.0122270832446, 0.541736709238, 0.0, 0.0, 0.0, 0.116326978953, 0.0211040371368, 0.0, 0.14443037625, 0.0, 0.0372894794967, 0.0172942349802, 0.0, 0.0, 0.0, 0.0, 0.0393350451288, 0.0, 0.0, 0.0523010858819
dSTN2xwatF5Txs0, 0.0, 0.536608614009, 0.0, 0.0197914890825, 0.0, 0.101701987401, 0.0, 0.0, 0.0855098438183, 0.0, 0.182796019087, 0.0, 0.0221893463788, 0.0202593202075, 0.0, 0.0, 0.0102988661439, 0.0, 0.0, 0.0
qLaMChw1e, 0.0, 0.0251876621463, 0.0, 0.0, 0.015418931066, 0.600474238616, 0.0, 0.0, 0.0175494988096, 0.0, 0.0, 0.0, 0.0, 0.25563079766, 0.02032525205, 0.0, 0.0, 0.0, 0.0, 0.0640077947849
l5TUbzeWJ3Y5, 0.0217921302408, 0.0, 0.0364340034088, 0.0, 0.286857950886, 0.0282107927234, 0.0, 0.466968358971, 0.0, 0.0, 0.0121109928809, 0.0, 0.0, 0.0, 0.0489468171383, 0.0, 0.0357533578148, 0.0, 0.0, 0.0141662980807
_UqnfSjiEX, 0.0, 0.142612477544, 0.0, 0.0, 0.0, 0.0, 0.0, 0.0, 0.148207384259, 0.0, 0.0587903285087, 0.0, 0.0, 0.0, 0.0, 0.0, 0.0, 0.637693951185, 0.0, 0.0
dX2JIpS5Wjevq, 0.16688430595, 0.566747389533, 0.0553596056399, 0.0, 0.0, 0.0385671622498, 0.106671092178, 0.0, 0.0, 0.0254153056631, 0.0, 0.0, 0.0, 0.0, 0.0, 0.0, 0.0, 0.0, 0.0, 0.0
kBszzoYUVMl, 0.0, 0.148686214086, 0.216732900112, 0.0131115068088, 0.0, 0.315729643077, 0.0, 0.0, 0.0, 0.0, 0.0, 0.0, 0.0652295824774, 0.0, 0.239570556103, 0.0, 0.0, 0.0, 0.0, 0.0
m_7_ghXxwtnJ, 0.0, 0.241510087655, 0.131167888166, 0.0, 0.0, 0.192728594838, 0.0, 0.0210238063684, 0.0, 0.0, 0.120223557827, 0.0, 0.0, 0.0, 0.231879397438, 0.0, 0.0218436764156, 0.0, 0.0, 0.0269419251826
eKzjEwUj0h, 0.279510524513, 0.165358697918, 0.0719394012468, 0.0, 0.0, 0.118372203511, 0.0181758102786, 0.0623291325861, 0.0, 0.0656586777722, 0.0, 0.0, 0.0261510329821, 0.02623241811, 0.0929642366921, 0.0, 0.0615877688867, 0.0, 0.0, 0.0
hFAPzG5Bmiz, 0.0756702318898, 0.0, 0.0, 0.0119907922839, 0.0, 0.0491634319138, 0.0107774184531, 0.497589777762, 0.0, 0.01741452338, 0.0, 0.0, 0.0, 0.036778360812, 0.140046673876, 0.0, 0.152122853556, 0.0, 0.0, 0.0
bnAa0F2Y5VRG4, 0.0143281356917, 0.0, 0.0, 0.0, 0.376000901961, 0.0, 0.0, 0.0260564247156, 0.0, 0.430211534679, 0.0, 0.0, 0.0188780273572, 0.0, 0.0, 0.0, 0.0, 0.0222442411834, 0.0896940938544, 0.0157573564141
Ro3m1WbZfOyGi, 0.0629412392388, 0.265652397512, 0.0, 0.0, 0.155132214844, 0.0, 0.0, 0.155195902444, 0.0437562559358, 0.0, 0.0, 0.0, 0.0398205529081, 0.0, 0.131122522594, 0.0, 0.0, 0.0, 0.0317317911832, 0.113321822106
oqg9mdTD9WnS, 0.18368231586, 0.0, 0.0, 0.0, 0.201465040807, 0.0608134430211, 0.0578196735477, 0.382528249712, 0.0, 0.0294127540631, 0.0, 0.0, 0.0119257462747, 0.0297092836297, 0.0, 0.0, 0.012081632359, 0.0, 0.0, 0.0
tKjCAHusd9, 0.166811837867, 0.0948005427493, 0.196869812989, 0.0, 0.0606474483785, 0.0, 0.0737288039697, 0.0, 0.026883301859, 0.312991297938, 0.0, 0.0, 0.0, 0.0379970478303, 0.0, 0.0, 0.0, 0.0, 0.0, 0.0
folDdnr, 0.0846868987926, 0.0607492273196, 0.0, 0.0, 0.0, 0.725705148132, 0.0, 0.0, 0.0619454834415, 0.0, 0.0237487454519, 0.0, 0.0, 0.0, 0.0116521090244, 0.0123721217178, 0.0, 0.0, 0.0, 0.0
xRmLtYAYJ5, 0.0, 0.0, 0.0, 0.0, 0.0651494853357, 0.531783969276, 0.112076136654, 0.0734302726153, 0.0, 0.0, 0.0, 0.0, 0.0, 0.0, 0.162951539033, 0.0, 0.0, 0.0, 0.0, 0.0521263386978
mIS9QmnxTykHnkS, 0.0, 0.514152538911, 0.0, 0.0, 0.0, 0.0, 0.0163548540778, 0.0, 0.136098921327, 0.121089385514, 0.0124902338352, 0.0171047864399, 0.0951798922509, 0.0, 0.0248896872001, 0.010243921859, 0.0, 0.0, 0.0306285117183, 0.0
sCMvPIvmtBW3, 0.0162182848346, 0.769096538264, 0.0, 0.0, 0.0, 0.0, 0.0167015890526, 0.0, 0.0665986429979, 0.0685277229496, 0.0388570732779, 0.0, 0.0, 0.0, 0.0, 0.0, 0.0, 0.0148679824003, 0.0, 0.0
7_kg7BsyyTy8, 0.0, 0.0, 0.157709470962, 0.0, 0.385390295667, 0.0, 0.0, 0.0690886485781, 0.0, 0.163177025484, 0.0, 0.0, 0.0, 0.0206600709696, 0.156609852722, 0.0, 0.0, 0.0, 0.0, 0.0
ntPzsU7V, 0.0889021188038, 0.205139880446, 0.0261567374548, 0.0, 0.0, 0.0, 0.109209148229, 0.0163678023584, 0.0, 0.126127246296, 0.0, 0.0, 0.0, 0.341335975598, 0.035009103454, 0.0, 0.0207052409465, 0.0, 0.0, 0.0162635578343
b8QbCYl, 0.018241891719, 0.0370946421671, 0.0, 0.0, 0.0, 0.286452428298, 0.0, 0.0, 0.0289576222158, 0.155773562046, 0.0423291548075, 0.0, 0.0102955901566, 0.381682014569, 0.0, 0.0, 0.0132077048159, 0.0, 0.0, 0.0
pCMjram, 0.0, 0.184475383125, 0.0527966689432, 0.0141206576026, 0.140784766507, 0.0, 0.032653425484, 0.403190462225, 0.0468081016737, 0.056634906089, 0.0158112071415, 0.0337141457297, 0.0185901074008, 0.0, 0.0, 0.0, 0.0, 0.0, 0.0, 0.0
n4FRyH4lcbEiHVM, 0.0, 0.868742019103, 0.0, 0.0, 0.0, 0.0, 0.0, 0.0, 0.0389913778882, 0.0351135812638, 0.0, 0.0, 0.0, 0.0, 0.0, 0.0, 0.0, 0.0, 0.0, 0.0
jw09IIGPHPy, 0.0, 0.0, 0.123823240447, 0.0, 0.282257480149, 0.174714732577, 0.0514551161636, 0.0957303021129, 0.0, 0.0577714279023, 0.0, 0.0, 0.0, 0.10702038845, 0.0738854668116, 0.0, 0.0270971352999, 0.0, 0.0, 0.0
fo9U2QjN2t, 0.145371301712, 0.302893252812, 0.0132988427675, 0.0, 0.0, 0.060091492064, 0.0, 0.0, 0.0, 0.0, 0.0164171336525, 0.0, 0.0118797907409, 0.0, 0.417720921099, 0.0, 0.0, 0.0, 0.0, 0.0
fmT904TjDcsE, 0.143609287403, 0.420474700792, 0.0729464484407, 0.0, 0.0, 0.0150876801044, 0.0, 0.109169669708, 0.0624012101931, 0.0, 0.0, 0.0, 0.0299529378246, 0.0101015076491, 0.0805891847885, 0.0, 0.0100333639335, 0.0, 0.0119331052165, 0.0
w_JvQuPvO6_Goqs, 0.0, 0.695988850221, 0.0142187701255, 0.0, 0.0, 0.0, 0.0, 0.0135971448685, 0.0, 0.0, 0.0293987539804, 0.0, 0.0, 0.0, 0.0153587477805, 0.0, 0.0, 0.0, 0.0, 0.226428698405
l7AyNLcqXS85hCp, 0.0, 0.030832916647, 0.0, 0.0, 0.0, 0.0103676123734, 0.0, 0.0, 0.153983774547, 0.0, 0.0835605863134, 0.0, 0.0, 0.0, 0.648502627405, 0.0, 0.0, 0.0, 0.0, 0.0675822473526
qtQmgAdMbsnDNB, 0.432718575877, 0.0486856963253, 0.0, 0.0, 0.0, 0.0, 0.0338317863953, 0.0903736077352, 0.0993428734115, 0.0, 0.0, 0.0420006963734, 0.013375689261, 0.185072484335, 0.0, 0.0277600329321, 0.0, 0.0, 0.0, 0.026271663917
nWfN7yBL9vY, 0.0173348736186, 0.0, 0.0, 0.0, 0.0893244039257, 0.0788977579219, 0.0203879110145, 0.0, 0.0, 0.718070808012, 0.0, 0.0, 0.0, 0.0357130177276, 0.0, 0.0, 0.0156924018895, 0.0, 0.0, 0.0
nINcNi304N, 0.0, 0.0836401342669, 0.706680171167, 0.0, 0.0133151606645, 0.0, 0.0253176775919, 0.0, 0.0, 0.0932654647411, 0.0, 0.0, 0.0, 0.0, 0.030028694338, 0.0, 0.0, 0.0, 0.0, 0.0147654201667
sLwlzEVoQ2fv, 0.017325670793, 0.183027687006, 0.0226634930595, 0.0265478014673, 0.0, 0.0706754963526, 0.0493268882846, 0.0, 0.337269507529, 0.0, 0.0, 0.0, 0.0208481261422, 0.0, 0.0, 0.0, 0.0, 0.215806917584, 0.0, 0.0454925948096
jtyblBelXcgIT85, 0.0, 0.0, 0.0, 0.0, 0.0, 0.0, 0.97864761785, 0.0, 0.0, 0.0, 0.0, 0.0, 0.0, 0.0, 0.0, 0.0, 0.0, 0.0, 0.0, 0.0
xAb8zbMHstS, 0.077384700873, 0.0, 0.0, 0.0, 0.2377793317, 0.26514274596, 0.0, 0.0885377090517, 0.0, 0.0, 0.0, 0.0354660867258, 0.0, 0.099704285905, 0.167677576254, 0.0, 0.0180728747394, 0.0, 0.0, 0.0
dnzfDT5wY1k5o8, 0.0, 0.092628155594, 0.354198616545, 0.0, 0.0, 0.0967048332445, 0.0193758598743, 0.0724627964057, 0.0, 0.0674030093303, 0.0, 0.0, 0.0, 0.0, 0.0649738393549, 0.0, 0.217761026863, 0.0, 0.0, 0.0
kxjmGxSdj3tHi, 0.0, 0.0969454927992, 0.0, 0.0, 0.0278684807044, 0.0, 0.0108889853157, 0.0260803468182, 0.0, 0.207701313004, 0.0107445585783, 0.0, 0.0, 0.0218081516999, 0.569009590024, 0.0, 0.0, 0.0, 0.0, 0.0
uJN3VC, 0.0, 0.0490926591367, 0.0293277407035, 0.0610633095868, 0.0, 0.0569978715523, 0.0762121857282, 0.0481042161665, 0.0, 0.216105907739, 0.0212059781111, 0.0, 0.0, 0.0, 0.282717341588, 0.0, 0.157494814936, 0.0, 0.0, 0.0
fzeWu51Q4QuVTla, 0.158580824461, 0.0365734300397, 0.0, 0.024149139314, 0.0925515155874, 0.166411073047, 0.0, 0.315373428022, 0.0472056074957, 0.0, 0.0144510271409, 0.0155650159733, 0.0, 0.0892768658449, 0.0, 0.0283604221466, 0.0, 0.0, 0.0, 0.0
pyX35IIVQv, 0.0, 0.507844677554, 0.0, 0.0, 0.0, 0.0, 0.0248032694444, 0.0104662470954, 0.0, 0.203878329911, 0.0295465968321, 0.0, 0.0, 0.011601491767, 0.175747400173, 0.0, 0.0238856241504, 0.0, 0.0, 0.0
r7Vy_BthlVa, 0.0, 0.0, 0.0712695553895, 0.0356138011297, 0.166009663174, 0.4046848105, 0.0466265422742, 0.0326613231204, 0.0680839873207, 0.0, 0.0, 0.0407808627614, 0.0, 0.0, 0.0, 0.0, 0.0, 0.0, 0.0, 0.128770103147
ggTTeHtNw, 0.0, 0.510227870309, 0.0770191726918, 0.0174013667464, 0.0, 0.104134194864, 0.0, 0.0606697930989, 0.0652122435009, 0.0, 0.0, 0.0, 0.0, 0.0, 0.0211139038719, 0.0, 0.0913388900943, 0.0, 0.0, 0.0408761593946
cMTZSE9okk6j, 0.0, 0.0, 0.0, 0.0, 0.0, 0.0, 0.0, 0.0, 0.0, 0.0, 0.0, 0.0, 0.0, 0.0, 0.0, 0.0, 0.999610546276, 0.0, 0.0, 0.0
eXJsfS4am8, 0.0, 0.0475288418484, 0.0, 0.0, 0.0, 0.0, 0.0, 0.0, 0.0, 0.0, 0.0, 0.0, 0.0, 0.0, 0.0, 0.935278829369, 0.0, 0.0, 0.0, 0.0
g_7Cf1tdhiKEw, 0.0, 0.0, 0.200317829246, 0.0, 0.589126409013, 0.0166775049252, 0.0, 0.0, 0.0, 0.116906777916, 0.0, 0.0, 0.0183232731589, 0.0, 0.0244125831449, 0.0, 0.0, 0.0, 0.0, 0.0
pUprG6dM1MR28N, 0.0207627349414, 0.461909211888, 0.0, 0.0, 0.0, 0.299866852829, 0.013254465612, 0.0, 0.0, 0.0, 0.0305826316258, 0.0, 0.0, 0.0190870478922, 0.0271145520419, 0.0, 0.0317368506001, 0.0, 0.0, 0.0547520768407
lidbdt, 0.333533711827, 0.239747059217, 0.0139259608006, 0.0, 0.0, 0.106422799291, 0.0, 0.0245818079805, 0.0392946607864, 0.0383136265817, 0.0, 0.0404169130191, 0.0119455924829, 0.107235926609, 0.0207900241938, 0.0119060900227, 0.0, 0.0, 0.0, 0.0
hCX3ND, 0.0, 0.0, 0.11039180877, 0.0, 0.251983612649, 0.105566511158, 0.0191910015929, 0.0804454323467, 0.0, 0.286274091873, 0.0, 0.0, 0.0, 0.0345037216057, 0.0374060371792, 0.0, 0.0578662056229, 0.0, 0.0, 0.0
bAkRNyg7Fceb, 0.0406761916709, 0.755781230057, 0.0382561226528, 0.0, 0.0, 0.0107317407325, 0.0136756582884, 0.0, 0.0, 0.100201836561, 0.0, 0.0, 0.0, 0.0, 0.0174737677488, 0.0, 0.0, 0.0, 0.0, 0.0
v3nE3bWaUq, 0.245621422659, 0.359395404731, 0.0868725598565, 0.0, 0.0856199655766, 0.0, 0.0117063362607, 0.039562917846, 0.0, 0.0854724122872, 0.0, 0.0, 0.0199505083154, 0.0, 0.0545344726737, 0.0, 0.011023499548, 0.0, 0.0, 0.0
kjBLh4vEyTTkaJI, 0.0331255707333, 0.106035607741, 0.0156143760538, 0.0, 0.0, 0.238105314583, 0.011608562851, 0.187769922084, 0.0, 0.027642368282, 0.0, 0.0, 0.0202064403111, 0.254413388494, 0.0259499433277, 0.0, 0.0590285716292, 0.0, 0.0, 0.0
JYCWB2ej5lrw, 0.0235939856162, 0.334211658319, 0.0258082969556, 0.0147876885743, 0.0419210487987, 0.198900977859, 0.0, 0.0166661991377, 0.129894940714, 0.0, 0.0589156371368, 0.0, 0.0307063910143, 0.0, 0.0748924202426, 0.0, 0.0, 0.0, 0.0, 0.0300525684015
k2A8t8IGuXAQg, 0.0, 0.0, 0.0, 0.0, 0.256326617619, 0.033607423159, 0.0503066230494, 0.0606829782488, 0.0, 0.0822657794774, 0.0, 0.0, 0.0, 0.0471918616197, 0.38617147045, 0.0, 0.0814824334322, 0.0, 0.0, 0.0
rvmqAcBd6rBPmv, 0.120526783332, 0.0269395311579, 0.030499654315, 0.0, 0.201346475174, 0.0413523579365, 0.0286208006414, 0.122571208658, 0.0, 0.170753844232, 0.0, 0.0216104886646, 0.0, 0.228188057396, 0.0, 0.0, 0.0, 0.0, 0.0, 0.0
efcONMPzgk9hV_z, 0.025708267487, 0.262394453953, 0.0766275945069, 0.0, 0.0, 0.389266285364, 0.0376459844737, 0.0, 0.0125112265756, 0.10592676187, 0.0, 0.0, 0.0, 0.0106072111451, 0.0112265231559, 0.0, 0.0366487332918, 0.0, 0.0, 0.0196800927715
oe2Lc97, 0.0511585778659, 0.0961348867686, 0.0113967848705, 0.0, 0.214007548172, 0.0764454090482, 0.0, 0.316071557015, 0.0, 0.0, 0.0, 0.0, 0.0437155239595, 0.139098564068, 0.0, 0.0, 0.0171248382467, 0.0, 0.0, 0.0343921773678
p7eTalN7koz, 0.0, 0.0, 0.569651301373, 0.0, 0.258954829332, 0.0, 0.0, 0.0, 0.0, 0.12857398273, 0.0, 0.0, 0.0, 0.0, 0.0, 0.0, 0.0, 0.0, 0.0, 0.0
dFJ7PnU, 0.547724901162, 0.141459855583, 0.0431838960515, 0.0, 0.0, 0.0203371740523, 0.0841497733371, 0.0845123093604, 0.0, 0.0348206258514, 0.0, 0.0, 0.0, 0.0127556165252, 0.0, 0.0, 0.0, 0.0, 0.0, 0.0
nhcJCpQck, 0.425252146804, 0.0, 0.0, 0.0, 0.0, 0.0663172559514, 0.193921005504, 0.0103345396386, 0.0, 0.100866363896, 0.0, 0.0, 0.0, 0.0948763121237, 0.0151852049879, 0.0, 0.0597046975017, 0.0, 0.0, 0.0184518193785
j33ihpdbJfzq, 0.12904213855, 0.250653039025, 0.103786457467, 0.0, 0.0, 0.352000660144, 0.010960603781, 0.0, 0.0136672927118, 0.0152160807489, 0.0, 0.0, 0.0, 0.0, 0.0269965478284, 0.0, 0.0767446559379, 0.0, 0.0, 0.0
jKh48a2sGpRjq9w, 0.026370807652, 0.326410380126, 0.144717002332, 0.0, 0.0, 0.179287652822, 0.0986011897509, 0.0176200635141, 0.0, 0.0331550163604, 0.0147717238122, 0.0, 0.0, 0.0, 0.0980172290461, 0.0, 0.0273169160669, 0.0, 0.0, 0.0142648613379
mb87K0Eu, 0.0, 0.0, 0.0, 0.0, 0.0, 0.0, 0.0, 0.0, 0.0, 0.0, 0.0, 0.0, 0.957497430696, 0.0, 0.0424497493014, 0.0, 0.0, 0.0, 0.0, 0.0
vCHJ0rxd67g4n, 0.0, 0.0, 0.0, 0.0, 0.0123981778191, 0.0, 0.0271209420743, 0.131507078231, 0.0, 0.275037420204, 0.0450058470593, 0.0, 0.0, 0.0415351730818, 0.132537002964, 0.0, 0.31945548651, 0.0, 0.0, 0.0149689849581
wnkxDbh7vs, 0.0, 0.0, 0.0, 0.0, 0.195007781718, 0.576949929596, 0.0, 0.0196985659018, 0.0, 0.0377527863513, 0.0112604342749, 0.020931467094, 0.0, 0.0, 0.120602205937, 0.0, 0.0, 0.0, 0.0, 0.0
cKpMlHgzd5JF, 0.0, 0.0, 0.207525615799, 0.0, 0.615328128668, 0.0138502070097, 0.0160806222429, 0.0561994108281, 0.0, 0.0379243269258, 0.0, 0.0241608264157, 0.0, 0.0, 0.0285229763091, 0.0, 0.0, 0.0, 0.0, 0.0
neXKBk6SLTROsGY, 0.11074530158, 0.44729130679, 0.129350379143, 0.0, 0.0, 0.0838695479497, 0.0353956035046, 0.0, 0.111323093531, 0.0, 0.0, 0.0, 0.0, 0.0, 0.0, 0.0, 0.0336749385484, 0.0, 0.0, 0.0189187287097
leAuT8UVoh, 0.113460312772, 0.187472275433, 0.0133529204088, 0.0, 0.0, 0.316346953793, 0.0, 0.0299515270181, 0.0110932647224, 0.0178757580606, 0.0, 0.0, 0.0, 0.120951141176, 0.0423837546477, 0.0312904770596, 0.0712147944978, 0.0, 0.0, 0.0365292251426
iQUdHRtlB2aDAaa, 0.0, 0.0, 0.0, 0.0, 0.0, 0.0, 0.0, 0.0326429741926, 0.0, 0.0, 0.0119052040117, 0.0, 0.0, 0.912541950686, 0.0, 0.0, 0.0, 0.0, 0.0, 0.0425541574517
gKZLwiSdGbry7Bu, 0.105969301708, 0.239650097081, 0.0452804193196, 0.124832714747, 0.053078837832, 0.288889129456, 0.0, 0.0, 0.0, 0.0, 0.0, 0.0, 0.0190688361369, 0.0408434311402, 0.029376612445, 0.0, 0.0324174880725, 0.0, 0.0, 0.0
qCWDGt1jTJKy, 0.0276689416923, 0.711975860483, 0.0872096676065, 0.010426523504, 0.0, 0.0, 0.0274189714987, 0.0, 0.0, 0.0, 0.0, 0.0, 0.115251368718, 0.0, 0.0, 0.0, 0.0, 0.0, 0.0, 0.0
dbIgDrjqsiBH7PT, 0.0, 0.0, 0.317833970385, 0.0, 0.0266151540675, 0.0, 0.0, 0.143095321665, 0.0, 0.43196479701, 0.0, 0.0, 0.0, 0.0, 0.0, 0.0, 0.0633151122265, 0.0, 0.0, 0.0
pcGQnQhVkvlw, 0.158813962135, 0.309498155297, 0.0, 0.0, 0.0, 0.0, 0.0, 0.0891032442054, 0.0218253049992, 0.0, 0.01001747694, 0.0193233031764, 0.0, 0.0, 0.0289155618959, 0.0, 0.0, 0.0, 0.0, 0.352254490925
uDoxDKkYcHtYqDP, 0.0, 0.0604343538857, 0.0, 0.0, 0.0216447635672, 0.271459104519, 0.0545011238743, 0.0987977907463, 0.0, 0.0862050047918, 0.0270863810013, 0.0, 0.0470355466243, 0.132852972625, 0.0219589156345, 0.0, 0.0474483890906, 0.0, 0.0, 0.104746833672
bz1PWe6KVzo_, 0.0775084632427, 0.202432239475, 0.0, 0.0, 0.0, 0.0, 0.0, 0.0, 0.265674257646, 0.201321254228, 0.0, 0.0, 0.0661148117956, 0.0, 0.0917108655205, 0.0, 0.0111497970216, 0.0, 0.0, 0.0827608774074
qfMgVgNMKi8, 0.0, 0.0, 0.426680710741, 0.0, 0.260701724767, 0.0138182913007, 0.0104283505781, 0.0, 0.0, 0.185745014027, 0.0, 0.0, 0.0, 0.0677726858393, 0.0, 0.0, 0.0139856066474, 0.0, 0.0, 0.0
vLip1w96w, 0.0, 0.103120004484, 0.198386511229, 0.0, 0.026105454587, 0.200018538067, 0.0551246487369, 0.0390298567856, 0.0, 0.22251644188, 0.0131408888287, 0.0, 0.0389440801523, 0.0, 0.0722022537533, 0.0, 0.0, 0.0, 0.0, 0.0123139407485
kNoQsElQpQf_RYl, 0.0, 0.0591865146562, 0.0153607122563, 0.0285253398118, 0.11629785608, 0.071718697769, 0.0266999364847, 0.0620122847443, 0.0, 0.210544876766, 0.0, 0.0, 0.0, 0.0194053328505, 0.199291046207, 0.051748802665, 0.0422447980739, 0.0, 0.0, 0.087131167808
vb0ehNa03FWhOZ, 0.0, 0.0, 0.0, 0.0, 0.0, 0.0, 0.0, 0.0, 0.0, 0.0, 0.0, 0.0, 0.0, 0.0, 0.0, 0.0, 0.0, 0.0, 0.0, 0.999925090678
s3eg4rQM0hUjI5, 0.0, 0.122134243687, 0.248569301104, 0.0, 0.0, 0.10911519696, 0.0294124897164, 0.0545402647512, 0.0, 0.183056314678, 0.0, 0.0, 0.0, 0.0, 0.0371985478964, 0.0, 0.196161024068, 0.0, 0.0, 0.0
usnrPoAY7EtidZb, 0.0159766127837, 0.644991816491, 0.0, 0.0, 0.0, 0.0636629900144, 0.0416577621914, 0.0, 0.0, 0.0, 0.0542968170171, 0.0, 0.0, 0.0420884268206, 0.0441882735275, 0.0, 0.0653092391555, 0.0, 0.0, 0.0
xVhkxgncICyjq2G, 0.0694326562072, 0.240383580665, 0.106224568095, 0.0185141711278, 0.0285848539826, 0.358618284709, 0.0, 0.0158337961517, 0.01389976105, 0.0, 0.0, 0.0, 0.0, 0.0, 0.0, 0.0, 0.125461049321, 0.0133731794292, 0.0, 0.0
ntS__KSkdt, 0.127468550329, 0.0719944267755, 0.149487334566, 0.0, 0.0386502018612, 0.0739066007831, 0.0, 0.0335151731906, 0.0157957260721, 0.422870822324, 0.0, 0.0, 0.0, 0.0, 0.0, 0.0, 0.0252953837048, 0.0, 0.0, 0.0
bc2JTIhYY, 0.0, 0.843795988178, 0.119266478259, 0.0, 0.0, 0.0, 0.0, 0.0, 0.0, 0.0, 0.02637405489, 0.0, 0.0, 0.0, 0.0, 0.0, 0.0, 0.0, 0.0, 0.0
mwt9IvKkgihyVg, 0.0, 0.0, 0.0, 0.0, 0.011255577278, 0.0, 0.0, 0.0, 0.0, 0.0223405755451, 0.0, 0.0, 0.0, 0.0, 0.0153196535581, 0.0, 0.943640145195, 0.0, 0.0, 0.0
ww8iMNDT_, 0.0249242116891, 0.173109179384, 0.0227945848491, 0.0, 0.0529676219838, 0.138704091746, 0.0381934071956, 0.0548363052095, 0.0, 0.0934209581887, 0.0, 0.0, 0.0, 0.244926144382, 0.06467991426, 0.0, 0.0651632381778, 0.0, 0.0, 0.0219692622016
qgzfcSjr2V7C7XW, 0.0, 0.0916094553812, 0.0112295084035, 0.0, 0.0, 0.339343178549, 0.0, 0.0, 0.0296594114327, 0.0, 0.0579958604772, 0.0, 0.0, 0.0, 0.133726496613, 0.144228205215, 0.0132071909458, 0.0, 0.112640844404, 0.0456218740594
sSUxiobquj5z, 0.0, 0.297827458385, 0.0447847379838, 0.0229013429098, 0.0, 0.501926527187, 0.0, 0.0, 0.0319206883329, 0.0, 0.0, 0.0, 0.0277971561783, 0.0, 0.0, 0.0, 0.02400382572, 0.0163205358179, 0.0114981141497, 0.0
ctt9wSzU, 0.0, 0.36081184847, 0.105124703487, 0.0, 0.0166581679769, 0.0161997287979, 0.0284911593749, 0.131866807139, 0.0, 0.143282983456, 0.0, 0.0, 0.0, 0.0, 0.0968659387621, 0.0, 0.086574704666, 0.0, 0.0, 0.0
eStcdoaCX0edZEn, 0.0, 0.427710635834, 0.173122152684, 0.0, 0.0, 0.0300693686286, 0.0169004581631, 0.0340198395597, 0.0, 0.201434364539, 0.0329246420899, 0.0, 0.0, 0.0, 0.0348682181988, 0.0, 0.0304301859828, 0.0, 0.0, 0.0
x7SBHD9X1eHlJ, 0.0, 0.0, 0.0, 0.0, 0.0825788288812, 0.181218953121, 0.0103361446379, 0.470241866343, 0.0, 0.0, 0.0, 0.0, 0.0, 0.0182364462778, 0.101254297306, 0.0, 0.102989916527, 0.0, 0.0, 0.0
rDE4VBM1KSBgNog, 0.0, 0.0, 0.0, 0.99995449436, 0.0, 0.0, 0.0, 0.0, 0.0, 0.0, 0.0, 0.0, 0.0, 0.0, 0.0, 0.0, 0.0, 0.0, 0.0, 0.0
wFTXq0A_7dlI, 0.0310153708819, 0.146998437448, 0.229114485266, 0.0, 0.205204558098, 0.0, 0.0120060521423, 0.273183691718, 0.0290698059691, 0.0377734431855, 0.0, 0.0, 0.0, 0.0, 0.0, 0.0, 0.0, 0.0, 0.0, 0.0
vth60A9DZpITQwF, 0.0, 0.945267741681, 0.0, 0.0, 0.0, 0.0, 0.0, 0.0, 0.0, 0.0, 0.0, 0.0, 0.0, 0.0, 0.0, 0.0, 0.0, 0.0, 0.0, 0.0368188117011
qEjqrtfo6__TzlC, 0.0, 0.0, 0.956088673611, 0.0, 0.0, 0.0, 0.0, 0.0, 0.0, 0.0, 0.0437948976502, 0.0, 0.0, 0.0, 0.0, 0.0, 0.0, 0.0, 0.0, 0.0
hxhuC, 0.213002100152, 0.223978402583, 0.0130777017814, 0.0181662424705, 0.0, 0.175853477346, 0.0646636893576, 0.0110521236824, 0.0167565568483, 0.0979585760483, 0.0, 0.0, 0.0, 0.128138197817, 0.0, 0.0, 0.0104683818341, 0.0, 0.0, 0.0143484412648
kwHvh5kx1gxCsxt, 0.0714705202467, 0.488814609136, 0.248332470093, 0.0, 0.0128523627743, 0.0276083167656, 0.0, 0.0729880568593, 0.0, 0.0104384920302, 0.0, 0.0146687062817, 0.0, 0.0, 0.0149620827967, 0.0, 0.010282041419, 0.0, 0.0, 0.0
n2NtPc9V60N43pn, 0.0800547955186, 0.0273307398385, 0.0, 0.0148753572504, 0.0, 0.0, 0.0650314865317, 0.640369958867, 0.0, 0.094346911029, 0.0, 0.0, 0.0, 0.0389476181012, 0.0102854194302, 0.0, 0.0, 0.0, 0.0, 0.0
cSNLPluX9b, 0.0457947488709, 0.0154018163292, 0.0970528193367, 0.0, 0.0628171493797, 0.0, 0.0603822887385, 0.117496660721, 0.0, 0.195877611786, 0.0, 0.0142066357802, 0.0, 0.0624526908071, 0.238975026809, 0.0111951684664, 0.0483973552066, 0.0, 0.0, 0.0173721946021
hXK1u_iX, 0.0, 0.283179648156, 0.295224534625, 0.0, 0.0359701733214, 0.115782288525, 0.0101785539211, 0.0300612374993, 0.010203420778, 0.0878222816505, 0.0, 0.0, 0.0, 0.0, 0.0, 0.0, 0.101589389612, 0.0, 0.0, 0.0
l2lUKGt, 0.192183506248, 0.0215976568666, 0.0173414186267, 0.0158857639611, 0.0, 0.120959645342, 0.033957130599, 0.014589240028, 0.346920211516, 0.0, 0.0, 0.0, 0.112738974346, 0.0, 0.0, 0.0, 0.0352898577299, 0.0, 0.0261436396997, 0.025191289917
eFkbfv5Wsu, 0.0145601548314, 0.0, 0.208147267052, 0.0, 0.240181389785, 0.0118344220823, 0.0185928148632, 0.027613161697, 0.0, 0.417715332168, 0.0, 0.0, 0.0, 0.0176403218518, 0.0192961700402, 0.0, 0.0115316856172, 0.0, 0.0, 0.0
uPhLdbgaOUK, 0.0339412657676, 0.498454251304, 0.10348853742, 0.0, 0.0207559983945, 0.0463263998197, 0.0142013978894, 0.0448122673622, 0.0, 0.0330548041543, 0.0, 0.0, 0.0, 0.0628468475058, 0.0539060614031, 0.0135020358396, 0.0583519020918, 0.0, 0.0, 0.0
tiP6DJB7jKZYQ4K, 0.0, 0.740013782559, 0.0, 0.0, 0.0, 0.0, 0.0, 0.0, 0.0, 0.0, 0.155474895998, 0.0, 0.0, 0.0, 0.0166634121396, 0.0, 0.0, 0.0, 0.0, 0.0703702766012
ll4cOgXjKVU, 0.0, 0.239618852489, 0.0, 0.0, 0.0, 0.0941394761765, 0.0, 0.0, 0.0, 0.0, 0.0, 0.0, 0.0, 0.0, 0.651272709273, 0.0, 0.0, 0.0, 0.0, 0.0
ivohGrJy0rBBNh, 0.0, 0.317003762285, 0.0, 0.0, 0.0, 0.0669420570606, 0.0, 0.0, 0.199325966622, 0.0, 0.16789250786, 0.0, 0.0, 0.0, 0.10631539036, 0.0, 0.0, 0.0, 0.120404370546, 0.0
qKpbtTNwXk_Ly, 0.0, 0.639919421255, 0.0, 0.0, 0.0, 0.0, 0.0, 0.0, 0.114462104227, 0.0, 0.149675195952, 0.0, 0.0, 0.0, 0.037422222513, 0.0, 0.0247912010959, 0.0, 0.0, 0.0329572280075
ruQ6EDoSy7tKwr, 0.0, 0.349541798404, 0.308000481975, 0.0, 0.0, 0.0, 0.0461117642133, 0.127242385669, 0.0, 0.0565773049184, 0.0, 0.0, 0.0100274082328, 0.0, 0.0503700209994, 0.0, 0.0, 0.0, 0.0, 0.037543338169
nP4Ww2qQd, 0.0, 0.0, 0.0, 0.0136331838545, 0.339947076078, 0.182550236974, 0.0, 0.307621388504, 0.0222844001315, 0.0, 0.0, 0.0, 0.120049367765, 0.0, 0.0, 0.0131976983864, 0.0, 0.0, 0.0, 0.0
HRl8jtY6xwI, 0.0, 0.0, 0.0, 0.0, 0.0, 0.0, 0.0, 0.0, 0.0, 0.0, 0.0, 0.0, 0.0, 0.0, 0.0, 0.0, 0.0, 0.0, 0.0, 0.999890008102
cvkdwkXe8, 0.110664257073, 0.0265839095899, 0.317714601175, 0.0, 0.111606037893, 0.0960145095188, 0.0, 0.0, 0.0180688163467, 0.269295026325, 0.0, 0.0, 0.0163345426902, 0.0, 0.0179442960558, 0.0, 0.0, 0.0, 0.0, 0.0
xh8Csv8C, 0.0442202630804, 0.0877600698683, 0.163446852747, 0.0, 0.0168778632292, 0.424206694126, 0.0600863989796, 0.0888467474836, 0.0, 0.0268547858819, 0.0, 0.0, 0.0, 0.0127446254249, 0.0332061244591, 0.0, 0.0254622143916, 0.0, 0.0, 0.0
qwtg184xmOxmeMj, 0.0, 0.0, 0.0, 0.0, 0.0, 0.0, 0.0, 0.0, 0.0, 0.0, 0.999963469968, 0.0, 0.0, 0.0, 0.0, 0.0, 0.0, 0.0, 0.0, 0.0
urXbj7, 0.0123251786192, 0.850134631133, 0.0197680037381, 0.0, 0.0, 0.0, 0.0355703953549, 0.0, 0.0278007419623, 0.0347311820968, 0.0, 0.0, 0.0, 0.0, 0.0, 0.0, 0.0, 0.0, 0.0, 0.0
hicLarOMuOlI_, 0.0, 0.0, 0.0, 0.0, 0.0, 0.0, 0.0, 0.991671532331, 0.0, 0.0, 0.0, 0.0, 0.0, 0.0, 0.0, 0.0, 0.0, 0.0, 0.0, 0.0
wpHaf0yStnI, 0.137596150413, 0.0138973322322, 0.176110017826, 0.0, 0.320706517212, 0.0, 0.0, 0.0365162429575, 0.0, 0.107087737347, 0.0, 0.0, 0.10592240224, 0.0730857387211, 0.0, 0.0, 0.0106867275592, 0.0, 0.0, 0.0
rCjuqQvpZLHx, 0.091396714872, 0.127875654016, 0.136560177944, 0.0, 0.0, 0.0293442719617, 0.0281667628547, 0.0986153580494, 0.0, 0.158597347226, 0.0, 0.0, 0.0, 0.0410976302291, 0.133920947026, 0.0, 0.14435052606, 0.0, 0.0, 0.0
ikiFPHMmtaGdLW, 0.024543143168, 0.0, 0.0, 0.0, 0.0, 0.0, 0.0146451021293, 0.0, 0.0, 0.839563072338, 0.0, 0.0, 0.0, 0.0, 0.0301436173661, 0.0, 0.0561096398998, 0.0, 0.0, 0.0
fa3GwVtFA4b, 0.0, 0.114118268536, 0.281014728748, 0.0, 0.0, 0.0618618144851, 0.0, 0.146435082676, 0.0, 0.186105486973, 0.0, 0.0, 0.0, 0.0, 0.0347679089479, 0.0, 0.150990629827, 0.0, 0.0, 0.0166154780401
g3jE7iCVr, 0.0, 0.34602393396, 0.125159381906, 0.0, 0.0, 0.164201317857, 0.0180104267408, 0.0, 0.0, 0.0, 0.0, 0.0181658866349, 0.0500200797843, 0.0192480856663, 0.153619946278, 0.0, 0.0259114241275, 0.0, 0.0, 0.0445414141268
iWpBhtqZOjD_0dp, 0.0, 0.824268318323, 0.0276533284139, 0.0, 0.0, 0.0, 0.0130972044512, 0.0, 0.0, 0.0385884278064, 0.0171085206402, 0.0, 0.0, 0.0, 0.0455400064552, 0.0, 0.023070195154, 0.0, 0.0, 0.0
t91GK, 0.0186266538511, 0.0255103091689, 0.142528561186, 0.0, 0.189071365777, 0.0, 0.0, 0.297173195281, 0.025856704751, 0.239583668911, 0.0, 0.0486917166743, 0.0, 0.0, 0.0, 0.0122526961779, 0.0, 0.0, 0.0, 0.0
b0GiwFwd_DE6, 0.0, 0.0, 0.0, 0.0, 0.0, 0.0, 0.0, 0.0, 0.0, 0.0, 0.0, 0.0, 0.0, 0.0, 0.0, 0.0, 0.0, 0.0, 0.0, 0.991642540703
czRPoHX3E_B3, 0.0715992578321, 0.653748465465, 0.0, 0.0, 0.0, 0.0979723994413, 0.0428001145878, 0.0117621595385, 0.0, 0.0511413444823, 0.0, 0.0, 0.0, 0.0138045390353, 0.0, 0.0, 0.023570403132, 0.0, 0.0, 0.0
o01Bk7QsMt4Ou7f, 0.0, 0.147350711367, 0.0599765432309, 0.0194805909903, 0.0, 0.198573854071, 0.0, 0.0, 0.0824281294908, 0.0, 0.132453025062, 0.0, 0.0, 0.0, 0.089871487128, 0.0, 0.223032280754, 0.0, 0.0, 0.0458110730508
